== ../2026-10-05-candidate-waste/deepk-C1-split.lattice N=1,000,000 min_count=20,000 (8,841 itemsets)
  k        n    I %   bytes MB I bytes % distinct MB distinct %
  3      901    0.0      117.6       0.0        51.5       43.8
  4    1,407   85.0      163.8      84.6        12.4        7.6
  5    1,854   99.7      211.7      99.7         1.5        0.7
  6    1,848  100.0      208.9     100.0         0.9        0.4
  7    1,320  100.0      147.7     100.0         0.9        0.6
  8      660  100.0       73.1     100.0         0.9        1.2
  9      220  100.0       24.1     100.0         0.9        3.8
 10       44  100.0        4.8     100.0         0.9       19.1
 11        4  100.0        0.4     100.0         0.4      100.0
all K>=3: 952.1 MB, inferred 84.9 %, distinct 7.4 %
== ../2026-10-05-candidate-waste/dsl-C1-split.lattice N=20,000,000 min_count=300,000 (577,550 itemsets)
  k        n    I %   bytes MB I bytes % distinct MB distinct %
  3    6,043    0.0    21349.0       0.0     18525.1       86.8
  4   21,430    0.0    60381.6       0.0     39176.3       64.9
  5   51,243   19.1   125631.9      20.9     49517.3       39.4
  6   88,374   39.9   198117.0      41.0     42054.1       21.2
  7  114,509   61.0   241785.4      62.0     30353.6       12.6
  8  114,174   76.9   231324.2      77.4     21463.5        9.3
  9   88,698   86.7   174617.3      87.0     13024.5        7.5
 10   53,910   95.4   104066.2      95.6      5022.7        4.8
 11   25,554  100.0    48690.2     100.0      1705.5        3.5
 12    9,336  100.0    17635.5     100.0       985.0        5.6
 13    2,564  100.0     4811.8     100.0       374.9        7.8
 14      504  100.0      939.5     100.0        58.8        6.3
 15       64  100.0      118.2     100.0        16.2       13.7
 16        4  100.0        7.3     100.0         7.3      100.0
all K>=3: 1229474.9 MB, inferred 61.8 %, distinct 18.1 %
== ../2026-10-05-candidate-waste/skew-C1-split.lattice N=1,000,000 min_count=20,000 (10,350 itemsets)
  k        n    I %   bytes MB I bytes % distinct MB distinct %
  3    1,928    0.0      296.7       0.0       282.7       95.3
  4    2,932    3.3      384.8       2.7       347.9       90.4
  5    2,683   14.6      315.3      12.6       276.3       87.6
  6    1,458   19.2      157.5      17.6       130.5       82.8
  7      443   28.9       44.6      27.8        32.8       73.6
  8       67   50.7        6.4      50.8         3.7       58.9
  9        4  100.0        0.4     100.0         0.4      100.0
all K>=3: 1205.7 MB, inferred 7.8 %, distinct 89.1 %
== ../2026-10-05-candidate-waste/or002-C1-split.lattice N=36,422 min_count=73 (435,956 itemsets)
  k        n    I %   bytes MB I bytes % distinct MB distinct %
  3  136,149    0.0       51.5       0.0        51.5      100.0
  4  140,950    0.6       48.7       0.5        48.7      100.0
  5   73,597   10.1       24.1       9.6        24.1       99.7
  6   19,049   22.4        6.1      21.4         6.0       99.2
  7    2,882   26.7        0.9      25.7         0.9       97.5
  8      291   43.0        0.1      42.6         0.1       92.6
  9       17  100.0        0.0     100.0         0.0       82.8
 10        1  100.0        0.0     100.0         0.0      100.0
all K>=3: 131.4 MB, inferred 3.2 %, distinct 99.9 %
== ../2026-10-05-candidate-waste/or003-C1-split.lattice N=36,422 min_count=110 (61,517 itemsets)
  k        n    I %   bytes MB I bytes % distinct MB distinct %
  3   23,062    0.0       13.2       0.0        13.2      100.0
  4   10,755    0.1        5.7       0.1         5.7      100.0
  5    2,388    0.4        1.2       0.3         1.2      100.0
  6      402    0.2        0.2       0.2         0.2      100.0
  7       33    0.0        0.0       0.0         0.0      100.0
all K>=3: 20.4 MB, inferred 0.1 %, distinct 100.0 %
== ../2026-10-05-candidate-waste/smoke-C1-split.lattice N=60,000 min_count=600 (694 itemsets)
  k        n    I %   bytes MB I bytes % distinct MB distinct %
  3      202    0.0        0.9       0.0         0.7       78.5
  4       63   66.7        0.2      68.2         0.1       37.6
  5       18  100.0        0.1     100.0         0.0       37.2
  6        3  100.0        0.0     100.0         0.0      100.0
all K>=3: 1.3 MB, inferred 19.3 %, distinct 68.6 %
