== dsl-C1-split.lattice dsl-C1-final N=20,000,000 words=312,500
         K        gen     pc_gen     pc_cnt     pc_grp    pc_rows   grp_rows     pc_tp8     tl_cnt       tp32     use32%       tp16     use16%        tp8      use8%  percand_s    tiled_s    pc_GB/s   ns/tp32w
         3      15673        322        224         22        672        135         26       9907         52       18.6        133       29.1        347       44.6      0.002      0.079       1005       4.85
         4      43877       7298       4659        506      18636       3462        641      20443        177       11.3        411       19.4       1012       31.6      0.029      0.152       1595       2.75
         5      92935      29712      19675       2935      98375      21095       3355      31718        475        6.5        792       15.6       2005       24.7      0.178      0.321       1383       2.16
         6     148891      59927      43237       8971     259422      68025       9310      45137       1030        4.3       1255       14.0       3319       21.2      0.464      0.655       1396       2.03
         7     181999      85480      68132      17936     476924     146836      17936      46377       1553        2.9       1648       11.0       4080       17.8      0.824      0.968       1448       1.99
         8     171479      95319      78574      25490     628592     227631      25490      35600       1525        2.3       1549        9.0       3297       16.9      1.080      0.939       1455       1.97
         9     125178      85503      71757      26770     645813     261498      26770      16941        858        1.9        861        7.7       1777       14.9      1.085      0.543       1489       2.03
        10      70690      56244      48492      20914     484920     222006      20914       5418        331        1.6        331        6.4        677       12.5      0.811      0.226       1495       2.19
        11      30802      27330      24471      12262     269181     140665      12262       1083         84        1.3         84        5.0        173        9.8      0.440      0.086       1529       3.28
        12      10336       9830       9213       5369     110556      66264       5369        123         13        0.9         13        3.7         27        7.1      0.184      0.069       1502      16.95
        13       2652       2616       2557       1722      33241      22786       1722          7          1        0.7          1        2.7          2        5.5      0.051      0.074       1631     235.50
        14        504        504        504        388       7056       5488        388          0          0        nan          0        nan          0        nan      0.012      0.000       1495        nan
        15         64         64         64         56        960        844         56          0          0        nan          0        nan          0        nan      0.004      0.000        552        nan
        16          4          4          4          4         64         64          4          0          0        nan          0        nan          0        nan      0.006      0.000         28        nan
   total: counted 371,563 per-candidate in 123,345 groups, 212,754 tiled; row sweeps per-candidate 3,034,412, group-per-block 1,186,799 (39 %); per-candidate groups at tile 8: 7,951,552 slots
   tiled slots: T=32 6,245,376 (use 3.4 %), T=16 1,811,968 (use 11.7 %), T=8 1,069,824 (use 19.9 %); measured percand 5.17 s, tiled 4.11 s
== dsl-C1-split.lattice dsl-C2-final N=20,000,000 words=312,500
         K        gen     pc_gen     pc_cnt     pc_grp    pc_rows   grp_rows     pc_tp8     tl_cnt       tp32     use32%       tp16     use16%        tp8      use8%  percand_s    tiled_s    pc_GB/s   ns/tp32w
         3      15673        322        224         22        672        135         26       9907         52       18.6        133       29.1        347       44.6      0.001      0.047       1295       2.87
         4      43877       7298       4659        506      18636       3462        641      20443        177       11.3        411       19.4       1012       31.6      0.017      0.074       2741       1.34
         5      92935      29712      19675       2935      98375      21095       3355      31718        475        6.5        792       15.6       2005       24.7      0.089      0.164       2768       1.11
         6     148891      59927      43237       8971     259422      68025       9310      45137       1030        4.3       1255       14.0       3319       21.2      0.236      0.334       2753       1.04
         7     181999      85480      68132      17936     476924     146836      17936      46377       1553        2.9       1648       11.0       4080       17.8      0.417      0.487       2861       1.00
         8     171479      95319      78574      25490     628592     227631      25490      35600       1525        2.3       1549        9.0       3297       16.9      0.542      0.472       2901       0.99
         9     125178      85503      71757      26770     645813     261498      26770      16941        858        1.9        861        7.7       1777       14.9      0.544      0.273       2971       1.02
        10      70690      56244      48492      20914     484920     222006      20914       5418        331        1.6        331        6.4        677       12.5      0.406      0.114       2989       1.11
        11      30802      27330      24471      12262     269181     140665      12262       1083         84        1.3         84        5.0        173        9.8      0.219      0.045       3070       1.72
        12      10336       9830       9213       5369     110556      66264       5369        123         13        0.9         13        3.7         27        7.1      0.087      0.037       3161       9.13
        13       2652       2616       2557       1722      33241      22786       1722          7          1        0.7          1        2.7          2        5.5      0.023      0.037       3600     118.89
        14        504        504        504        388       7056       5488        388          0          0        nan          0        nan          0        nan      0.007      0.000       2625        nan
        15         64         64         64         56        960        844         56          0          0        nan          0        nan          0        nan      0.003      0.000        946        nan
        16          4          4          4          4         64         64          4          0          0        nan          0        nan          0        nan      0.003      0.000         50        nan
   total: counted 371,563 per-candidate in 123,345 groups, 212,754 tiled; row sweeps per-candidate 3,034,412, group-per-block 1,186,799 (39 %); per-candidate groups at tile 8: 7,951,552 slots
   tiled slots: T=32 6,245,376 (use 3.4 %), T=16 1,811,968 (use 11.7 %), T=8 1,069,824 (use 19.9 %); measured percand 2.59 s, tiled 2.09 s
== dsl-C1-split.lattice dsl-C2-infer-final --infer N=20,000,000 words=312,500
         K        gen     pc_gen     pc_cnt     pc_grp    pc_rows   grp_rows     pc_tp8     tl_cnt       tp32     use32%       tp16     use16%        tp8      use8%  percand_s    tiled_s    pc_GB/s   ns/tp32w
         3      15673        322        224         22        672        135         26       9907         52       18.6        133       29.1        347       44.6      0.001      0.047       1280       2.87
         4      43877       7298       4659        506      18636       3462        641      20443        177       11.3        411       19.4       1012       31.6      0.017      0.074       2701       1.35
         5      92935      29712      14080       2002      70400      14665       2367      27503        475        5.7        766       14.0       1907       22.5      0.065      0.163       2712       1.10
         6     148891      59927      23630       4904     141780      37751       5143      29452       1010        2.8       1193        9.6       2990       15.4      0.141      0.330       2508       1.05
         7     181999      85480      27472       7145     192304      59381       7145      17163       1335        1.3       1398        4.8       2928        9.2      0.197      0.415       2442       0.99
         8     171479      95319      21662       7173     173296      64749       7173       4710        690        0.7        706        2.6       1295        5.7      0.180      0.230       2402       1.07
         9     125178      85503      11039       4939      99351      48171       4939        761        188        0.4        190        1.6        323        3.7      0.108      0.084       2291       1.43
        10      70690      56244       2491       1618      24910      16945       1618          9          1        0.9          1        3.5          1       14.1      0.029      0.033       2143     105.22
        11      30802      27330          0          0          0          0          0          0          0        nan          0        nan          0        nan      0.005      0.001          0        nan
        12      10336       9830          0          0          0          0          0          0          0        nan          0        nan          0        nan      0.002      0.001          0        nan
        13       2652       2616          0          0          0          0          0          0          0        nan          0        nan          0        nan      0.001      0.001          0        nan
        14        504        504          0          0          0          0          0          0          0        nan          0        nan          0        nan      0.001      0.000        nan        nan
        15         64         64          0          0          0          0          0          0          0        nan          0        nan          0        nan      0.001      0.000        nan        nan
        16          4          4          0          0          0          0          0          0          0        nan          0        nan          0        nan      0.001      0.000        nan        nan
   total: counted 105,257 per-candidate in 28,309 groups, 109,948 tiled; row sweeps per-candidate 721,349, group-per-block 245,259 (34 %); per-candidate groups at tile 8: 1,859,328 slots
   tiled slots: T=32 4,022,272 (use 2.7 %), T=16 1,228,288 (use 9.0 %), T=8 691,392 (use 15.9 %); measured percand 0.75 s, tiled 1.38 s
== dsl-C1-split-free.lattice dsl-C1-free-prune N=20,000,000 words=312,500
         K        gen     pc_gen     pc_cnt     pc_grp    pc_rows   grp_rows     pc_tp8     tl_cnt       tp32     use32%       tp16     use16%        tp8      use8%  percand_s    tiled_s    pc_GB/s   ns/tp32w
         3      15673        322        224         22        672        135         26       9907         52       18.6        133       29.1        347       44.6      0.002      0.077        996       4.76
         4      43877       7298       4659        506      18636       3462        641      20443        177       11.3        411       19.4       1012       31.6      0.030      0.155       1578       2.79
         5      85191      26493      14177       2012      70885      14769       2385      27406        465        5.8        739       14.5       1856       23.1      0.131      0.322       1348       2.21
         6     116734      50777      26229       5099     157374      39998       5309      26853        815        3.2        959       10.9       2420       17.3      0.302      0.521       1304       2.04
         7      98724      60280      31888       7816     223216      65798       7816      12747        664        1.9        694        7.2       1543       12.9      0.418      0.430       1336       2.07
         8      51062      41109      22924       7622     183392      68708       7622       3448        241        1.4        241        5.6        425       12.7      0.333      0.186       1376       2.47
         9      18114      17994      11718       5123     105462      50052       5123         82          4        2.0          4        8.0          5       25.6      0.187      0.065       1408      51.99
        10       4967       4967       2500       1619      25000      16959       1619          0          0        nan          0        nan          0        nan      0.040      0.000       1559        nan
        11        401        401          0          0          0          0          0          0          0        nan          0        nan          0        nan      0.000      0.000        nan        nan
   total: counted 114,319 per-candidate in 29,819 groups, 100,886 tiled; row sweeps per-candidate 784,637, group-per-block 259,881 (33 %); per-candidate groups at tile 8: 1,954,624 slots
   tiled slots: T=32 2,476,032 (use 4.1 %), T=16 814,336 (use 12.4 %), T=8 486,912 (use 20.7 %); measured percand 1.44 s, tiled 1.76 s
